Output_Sequence = { 0.0, 1.0, 2.0, 3.0, 4.0, 3.0, 2.0 }




-------------- Cycle 3681 ---------------
-------------- 0 ---------------

Active segments: 60, Matching segments: 60
Prev/Now/Same=80/60/60
Col  SDR: 72, 78, 81, 84, 89, 99, 101, 108, 111, 117, 120, 122, 125, 132, 153, 156, 159, 161, 165, 173, 
Cell SDR: 1800, 1801, 1802, 1951, 1956, 1973, 2030, 2039, 2040, 2106, 2118, 2119, 2225, 2230, 2234, 2489, 2493, 2498, 2525, 2531, 2534, 2701, 2712, 2719, 2788, 2793, 2794, 2934, 2938, 2944, 3006, 3008, 3020, 3062, 3065, 3069, 3127, 3135, 3147, 3302, 3311, 3313, 3829, 3834, 3844, 3908, 3915, 3917, 3977, 3980, 3992, 4027, 4034, 4041, 4142, 4144, 4146, 4325, 4332, 4334, 
Match. Actual value: 1-2-3-4-3-2-0 - Predicted value: 1-2-3-4-3-2-0
Item length: 60	 Items: 9
Predictive cells: 60 	 2939, 2940, 2945, 2958, 2960, 2967, 3005, 3007, 3021, 3054, 3056, 3073, 3130, 3133, 3145, 3153, 3156, 3161, 3251, 3252, 3262, 3481, 3483, 3499, 3759, 3761, 3771, 3906, 3911, 3920, 3975, 3993, 3998, 4045, 4046, 4049, 4102, 4108, 4124, 4307, 4310, 4314, 4330, 4331, 4347, 4375, 4392, 4395, 4753, 4762, 4768, 4808, 4814, 4821, 4858, 4864, 4870, 5006, 5013, 5016, 
<indx:0	inp/len: -1.0-0-1-2-3-4/20 ,Same Bits = 0	, Similarity% 0	 6270, 6563, 6949, 7091, 7315, 7328, 7534, 7713, 7799, 7811, 7845, 7960, 7991, 8148, 8157, 8308, 8365, 8400, 8502, 8623, 
<indx:1	inp/len: -1.0-0-1-2-3-4-3/20 ,Same Bits = 0	, Similarity% 0	 4683, 5344, 5351, 6209, 6286, 6311, 6392, 6443, 6567, 6655, 6783, 6883, 6942, 7079, 7232, 7333, 7541, 7660, 7778, 8107, 
<indx:2	inp/len: 0-1-2-3-4-3-2/60 ,Same Bits = 0	, Similarity% 0	 3456, 3462, 3470, 3701, 3710, 3723, 3978, 3985, 3988, 4203, 4209, 4221, 4320, 4322, 4324, 4327, 4337, 4349, 4386, 4391, 4399, 4438, 4444, 4447, 4600, 4603, 4610, 5490, 5492, 5499, 5551, 5559, 5567, 5579, 5584, 5590, 5652, 5664, 5668, 5784, 5796, 5799, 5825, 5829, 5836, 6051, 6057, 6069, 6107, 6111, 6119, 6139, 6142, 6149, 6353, 6357, 6361, 6477, 6492, 6499, 
<indx:3	inp/len: 1-2-3-4-3-2-0/60 ,Same Bits = 0	, Similarity% 0	 1800, 1801, 1802, 1951, 1956, 1973, 2030, 2039, 2040, 2106, 2118, 2119, 2225, 2230, 2234, 2489, 2493, 2498, 2525, 2531, 2534, 2701, 2712, 2719, 2788, 2793, 2794, 2934, 2938, 2944, 3006, 3008, 3020, 3062, 3065, 3069, 3127, 3135, 3147, 3302, 3311, 3313, 3829, 3834, 3844, 3908, 3915, 3917, 3977, 3980, 3992, 4027, 4034, 4041, 4142, 4144, 4146, 4325, 4332, 4334, 
>indx:4	inp/len: 2-3-4-3-2-0-1/80 ,Same Bits = 60	, Similarity% 75 	 2936, 2939, 2940, 2945, 2958, 2960, 2967, 2974, 3005, 3007, 3015, 3021, 3054, 3056, 3060, 3073, 3130, 3133, 3143, 3145, 3152, 3153, 3156, 3161, 3251, 3252, 3253, 3262, 3479, 3481, 3483, 3499, 3751, 3759, 3761, 3771, 3906, 3907, 3911, 3920, 3975, 3982, 3993, 3998, 4037, 4045, 4046, 4049, 4102, 4108, 4122, 4124, 4307, 4310, 4311, 4314, 4330, 4331, 4335, 4347, 4375, 4377, 4392, 4395, 4750, 4753, 4762, 4768, 4808, 4814, 4817, 4821, 4851, 4858, 4864, 4870, 5003, 5006, 5013, 5016, 
<indx:5	inp/len: 3-4-3-2-0-1-2/80 ,Same Bits = 0	, Similarity% 0	 3459, 3468, 3472, 3473, 3708, 3709, 3715, 3721, 3979, 3981, 3983, 3990, 4205, 4207, 4208, 4216, 4301, 4306, 4312, 4318, 4328, 4336, 4345, 4348, 4379, 4380, 4385, 4396, 4435, 4439, 4445, 4448, 4601, 4609, 4612, 4623, 5478, 5479, 5489, 5495, 5550, 5554, 5557, 5558, 5575, 5587, 5589, 5593, 5653, 5665, 5671, 5672, 5776, 5778, 5791, 5792, 5833, 5834, 5842, 5847, 6059, 6066, 6070, 6074, 6103, 6114, 6118, 6121, 6128, 6132, 6136, 6138, 6350, 6351, 6354, 6371, 6482, 6486, 6487, 6494, 
<indx:6	inp/len: 4-3-2-0-1-2-3/80 ,Same Bits = 0	, Similarity% 0	 4684, 4686, 4696, 4699, 5329, 5336, 5337, 5341, 5360, 5362, 5368, 5374, 6201, 6211, 6215, 6223, 6279, 6285, 6287, 6294, 6310, 6313, 6318, 6321, 6375, 6381, 6387, 6389, 6428, 6435, 6445, 6448, 6554, 6559, 6565, 6572, 6652, 6658, 6659, 6663, 6778, 6784, 6793, 6799, 6875, 6880, 6888, 6896, 6941, 6942, 6943, 6946, 7080, 7085, 7086, 7088, 7234, 7235, 7245, 7246, 7342, 7344, 7346, 7349, 7529, 7536, 7541, 7544, 7656, 7659, 7663, 7665, 7786, 7793, 7797, 7799, 8102, 8109, 8111, 8120, 
<indx:7	inp/len: 3-2-0-1-2-3-4/80 ,Same Bits = 0	, Similarity% 0	 6257, 6267, 6268, 6272, 6558, 6561, 6567, 6573, 6926, 6930, 6932, 6948, 7084, 7092, 7094, 7097, 7306, 7307, 7319, 7323, 7328, 7332, 7335, 7339, 7534, 7535, 7545, 7548, 7703, 7707, 7717, 7720, 7775, 7778, 7791, 7792, 7805, 7816, 7817, 7820, 7828, 7834, 7835, 7837, 7954, 7957, 7959, 7971, 7975, 7977, 7981, 7990, 8128, 8134, 8138, 8141, 8155, 8156, 8158, 8169, 8307, 8310, 8321, 8322, 8358, 8363, 8369, 8373, 8406, 8410, 8421, 8423, 8500, 8508, 8509, 8519, 8603, 8604, 8605, 8607, 
<indx:8	inp/len: 2-0-1-2-3-4-3/79 ,Same Bits = 0	, Similarity% 0	 4677, 4682, 4693, 4696, 5328, 5331, 5339, 5342, 5354, 5357, 5359, 5367, 6205, 6207, 6208, 6212, 6291, 6292, 6293, 6296, 6301, 6303, 6314, 6376, 6382, 6388, 6398, 6426, 6430, 6446, 6447, 6550, 6562, 6563, 6566, 6656, 6660, 6664, 6667, 6775, 6782, 6792, 6795, 6884, 6890, 6893, 6899, 6927, 6937, 6940, 6945, 7079, 7082, 7093, 7096, 7230, 7233, 7238, 7247, 7329, 7337, 7340, 7343, 7526, 7532, 7537, 7546, 7655, 7658, 7662, 7665, 7776, 7785, 7789, 7794, 8101, 8121, 8122, 8123, 
Current Input: 0 	| Predicted Input: NeoCortexApi.Classifiers.HtmClassifier`2+ClassifierResult[System.String,NeoCortexApi.Entities.ComputeCycle]
Current Input: 0 	| Predicted Input: NeoCortexApi.Classifiers.HtmClassifier`2+ClassifierResult[System.String,NeoCortexApi.Entities.ComputeCycle]
Current Input: 0 	| Predicted Input: NeoCortexApi.Classifiers.HtmClassifier`2+ClassifierResult[System.String,NeoCortexApi.Entities.ComputeCycle]
-------------- 1 ---------------

Active segments: 60, Matching segments: 60
Prev/Now/Same=80/60/60
Col  SDR: 117, 118, 120, 122, 125, 126, 130, 139, 150, 156, 159, 161, 164, 172, 173, 175, 190, 192, 194, 200, 
Cell SDR: 2939, 2940, 2945, 2958, 2960, 2967, 3005, 3007, 3021, 3054, 3056, 3073, 3130, 3133, 3145, 3153, 3156, 3161, 3251, 3252, 3262, 3481, 3483, 3499, 3759, 3761, 3771, 3906, 3911, 3920, 3975, 3993, 3998, 4045, 4046, 4049, 4102, 4108, 4124, 4307, 4310, 4314, 4330, 4331, 4347, 4375, 4392, 4395, 4753, 4762, 4768, 4808, 4814, 4821, 4858, 4864, 4870, 5006, 5013, 5016, 
Match. Actual value: 2-3-4-3-2-0-1 - Predicted value: 2-3-4-3-2-0-1
Item length: 60	 Items: 9
Predictive cells: 60 	 3468, 3472, 3473, 3708, 3709, 3721, 3979, 3981, 3983, 4205, 4208, 4216, 4306, 4312, 4318, 4328, 4345, 4348, 4379, 4385, 4396, 4435, 4439, 4448, 4601, 4612, 4623, 5478, 5489, 5495, 5550, 5557, 5558, 5587, 5589, 5593, 5653, 5665, 5671, 5778, 5791, 5792, 5833, 5834, 5842, 6059, 6066, 6070, 6103, 6114, 6118, 6132, 6136, 6138, 6350, 6351, 6354, 6482, 6487, 6494, 
<indx:0	inp/len: -1.0-0-1-2-3-4/20 ,Same Bits = 0	, Similarity% 0	 6270, 6563, 6949, 7091, 7315, 7328, 7534, 7713, 7799, 7811, 7845, 7960, 7991, 8148, 8157, 8308, 8365, 8400, 8502, 8623, 
<indx:1	inp/len: -1.0-0-1-2-3-4-3/20 ,Same Bits = 0	, Similarity% 0	 4683, 5344, 5351, 6209, 6286, 6311, 6392, 6443, 6567, 6655, 6783, 6883, 6942, 7079, 7232, 7333, 7541, 7660, 7778, 8107, 
<indx:2	inp/len: 0-1-2-3-4-3-2/60 ,Same Bits = 0	, Similarity% 0	 3456, 3462, 3470, 3701, 3710, 3723, 3978, 3985, 3988, 4203, 4209, 4221, 4320, 4322, 4324, 4327, 4337, 4349, 4386, 4391, 4399, 4438, 4444, 4447, 4600, 4603, 4610, 5490, 5492, 5499, 5551, 5559, 5567, 5579, 5584, 5590, 5652, 5664, 5668, 5784, 5796, 5799, 5825, 5829, 5836, 6051, 6057, 6069, 6107, 6111, 6119, 6139, 6142, 6149, 6353, 6357, 6361, 6477, 6492, 6499, 
<indx:3	inp/len: 1-2-3-4-3-2-0/60 ,Same Bits = 0	, Similarity% 0	 1800, 1801, 1802, 1951, 1956, 1973, 2030, 2039, 2040, 2106, 2118, 2119, 2225, 2230, 2234, 2489, 2493, 2498, 2525, 2531, 2534, 2701, 2712, 2719, 2788, 2793, 2794, 2934, 2938, 2944, 3006, 3008, 3020, 3062, 3065, 3069, 3127, 3135, 3147, 3302, 3311, 3313, 3829, 3834, 3844, 3908, 3915, 3917, 3977, 3980, 3992, 4027, 4034, 4041, 4142, 4144, 4146, 4325, 4332, 4334, 
<indx:4	inp/len: 2-3-4-3-2-0-1/60 ,Same Bits = 0	, Similarity% 0	 2939, 2940, 2945, 2958, 2960, 2967, 3005, 3007, 3021, 3054, 3056, 3073, 3130, 3133, 3145, 3153, 3156, 3161, 3251, 3252, 3262, 3481, 3483, 3499, 3759, 3761, 3771, 3906, 3911, 3920, 3975, 3993, 3998, 4045, 4046, 4049, 4102, 4108, 4124, 4307, 4310, 4314, 4330, 4331, 4347, 4375, 4392, 4395, 4753, 4762, 4768, 4808, 4814, 4821, 4858, 4864, 4870, 5006, 5013, 5016, 
>indx:5	inp/len: 3-4-3-2-0-1-2/80 ,Same Bits = 60	, Similarity% 75 	 3459, 3468, 3472, 3473, 3708, 3709, 3715, 3721, 3979, 3981, 3983, 3990, 4205, 4207, 4208, 4216, 4301, 4306, 4312, 4318, 4328, 4336, 4345, 4348, 4379, 4380, 4385, 4396, 4435, 4439, 4445, 4448, 4601, 4609, 4612, 4623, 5478, 5479, 5489, 5495, 5550, 5554, 5557, 5558, 5575, 5587, 5589, 5593, 5653, 5665, 5671, 5672, 5776, 5778, 5791, 5792, 5833, 5834, 5842, 5847, 6059, 6066, 6070, 6074, 6103, 6114, 6118, 6121, 6128, 6132, 6136, 6138, 6350, 6351, 6354, 6371, 6482, 6486, 6487, 6494, 
<indx:6	inp/len: 4-3-2-0-1-2-3/80 ,Same Bits = 0	, Similarity% 0	 4684, 4686, 4696, 4699, 5329, 5336, 5337, 5341, 5360, 5362, 5368, 5374, 6201, 6211, 6215, 6223, 6279, 6285, 6287, 6294, 6310, 6313, 6318, 6321, 6375, 6381, 6387, 6389, 6428, 6435, 6445, 6448, 6554, 6559, 6565, 6572, 6652, 6658, 6659, 6663, 6778, 6784, 6793, 6799, 6875, 6880, 6888, 6896, 6941, 6942, 6943, 6946, 7080, 7085, 7086, 7088, 7234, 7235, 7245, 7246, 7342, 7344, 7346, 7349, 7529, 7536, 7541, 7544, 7656, 7659, 7663, 7665, 7786, 7793, 7797, 7799, 8102, 8109, 8111, 8120, 
<indx:7	inp/len: 3-2-0-1-2-3-4/80 ,Same Bits = 0	, Similarity% 0	 6257, 6267, 6268, 6272, 6558, 6561, 6567, 6573, 6926, 6930, 6932, 6948, 7084, 7092, 7094, 7097, 7306, 7307, 7319, 7323, 7328, 7332, 7335, 7339, 7534, 7535, 7545, 7548, 7703, 7707, 7717, 7720, 7775, 7778, 7791, 7792, 7805, 7816, 7817, 7820, 7828, 7834, 7835, 7837, 7954, 7957, 7959, 7971, 7975, 7977, 7981, 7990, 8128, 8134, 8138, 8141, 8155, 8156, 8158, 8169, 8307, 8310, 8321, 8322, 8358, 8363, 8369, 8373, 8406, 8410, 8421, 8423, 8500, 8508, 8509, 8519, 8603, 8604, 8605, 8607, 
<indx:8	inp/len: 2-0-1-2-3-4-3/79 ,Same Bits = 0	, Similarity% 0	 4677, 4682, 4693, 4696, 5328, 5331, 5339, 5342, 5354, 5357, 5359, 5367, 6205, 6207, 6208, 6212, 6291, 6292, 6293, 6296, 6301, 6303, 6314, 6376, 6382, 6388, 6398, 6426, 6430, 6446, 6447, 6550, 6562, 6563, 6566, 6656, 6660, 6664, 6667, 6775, 6782, 6792, 6795, 6884, 6890, 6893, 6899, 6927, 6937, 6940, 6945, 7079, 7082, 7093, 7096, 7230, 7233, 7238, 7247, 7329, 7337, 7340, 7343, 7526, 7532, 7537, 7546, 7655, 7658, 7662, 7665, 7776, 7785, 7789, 7794, 8101, 8121, 8122, 8123, 
Current Input: 1 	| Predicted Input: NeoCortexApi.Classifiers.HtmClassifier`2+ClassifierResult[System.String,NeoCortexApi.Entities.ComputeCycle]
Current Input: 1 	| Predicted Input: NeoCortexApi.Classifiers.HtmClassifier`2+ClassifierResult[System.String,NeoCortexApi.Entities.ComputeCycle]
Current Input: 1 	| Predicted Input: NeoCortexApi.Classifiers.HtmClassifier`2+ClassifierResult[System.String,NeoCortexApi.Entities.ComputeCycle]
-------------- 2 ---------------

Active segments: 60, Matching segments: 60
Prev/Now/Same=80/60/60
Col  SDR: 138, 148, 159, 168, 172, 173, 175, 177, 184, 219, 222, 223, 226, 231, 233, 242, 244, 245, 254, 259, 
Cell SDR: 3468, 3472, 3473, 3708, 3709, 3721, 3979, 3981, 3983, 4205, 4208, 4216, 4306, 4312, 4318, 4328, 4345, 4348, 4379, 4385, 4396, 4435, 4439, 4448, 4601, 4612, 4623, 5478, 5489, 5495, 5550, 5557, 5558, 5587, 5589, 5593, 5653, 5665, 5671, 5778, 5791, 5792, 5833, 5834, 5842, 6059, 6066, 6070, 6103, 6114, 6118, 6132, 6136, 6138, 6350, 6351, 6354, 6482, 6487, 6494, 
Match. Actual value: 3-4-3-2-0-1-2 - Predicted value: 3-4-3-2-0-1-2
Item length: 60	 Items: 9
Predictive cells: 60 	 4684, 4686, 4696, 5329, 5336, 5337, 5360, 5362, 5374, 6201, 6211, 6223, 6279, 6285, 6294, 6310, 6313, 6318, 6381, 6387, 6389, 6428, 6435, 6448, 6559, 6565, 6572, 6652, 6658, 6659, 6778, 6784, 6799, 6875, 6880, 6896, 6941, 6942, 6943, 7080, 7085, 7088, 7234, 7245, 7246, 7342, 7344, 7346, 7529, 7536, 7541, 7656, 7663, 7665, 7786, 7793, 7799, 8102, 8109, 8111, 
>indx:0	inp/len: -1.0-0-1-2-3-4/20 ,Same Bits = 1	, Similarity% 1,67 	 6270, 6563, 6949, 7091, 7315, 7328, 7534, 7713, 7799, 7811, 7845, 7960, 7991, 8148, 8157, 8308, 8365, 8400, 8502, 8623, 
>indx:1	inp/len: -1.0-0-1-2-3-4-3/20 ,Same Bits = 2	, Similarity% 3,33 	 4683, 5344, 5351, 6209, 6286, 6311, 6392, 6443, 6567, 6655, 6783, 6883, 6942, 7079, 7232, 7333, 7541, 7660, 7778, 8107, 
<indx:2	inp/len: 0-1-2-3-4-3-2/60 ,Same Bits = 0	, Similarity% 0	 3456, 3462, 3470, 3701, 3710, 3723, 3978, 3985, 3988, 4203, 4209, 4221, 4320, 4322, 4324, 4327, 4337, 4349, 4386, 4391, 4399, 4438, 4444, 4447, 4600, 4603, 4610, 5490, 5492, 5499, 5551, 5559, 5567, 5579, 5584, 5590, 5652, 5664, 5668, 5784, 5796, 5799, 5825, 5829, 5836, 6051, 6057, 6069, 6107, 6111, 6119, 6139, 6142, 6149, 6353, 6357, 6361, 6477, 6492, 6499, 
<indx:3	inp/len: 1-2-3-4-3-2-0/60 ,Same Bits = 0	, Similarity% 0	 1800, 1801, 1802, 1951, 1956, 1973, 2030, 2039, 2040, 2106, 2118, 2119, 2225, 2230, 2234, 2489, 2493, 2498, 2525, 2531, 2534, 2701, 2712, 2719, 2788, 2793, 2794, 2934, 2938, 2944, 3006, 3008, 3020, 3062, 3065, 3069, 3127, 3135, 3147, 3302, 3311, 3313, 3829, 3834, 3844, 3908, 3915, 3917, 3977, 3980, 3992, 4027, 4034, 4041, 4142, 4144, 4146, 4325, 4332, 4334, 
<indx:4	inp/len: 2-3-4-3-2-0-1/60 ,Same Bits = 0	, Similarity% 0	 2939, 2940, 2945, 2958, 2960, 2967, 3005, 3007, 3021, 3054, 3056, 3073, 3130, 3133, 3145, 3153, 3156, 3161, 3251, 3252, 3262, 3481, 3483, 3499, 3759, 3761, 3771, 3906, 3911, 3920, 3975, 3993, 3998, 4045, 4046, 4049, 4102, 4108, 4124, 4307, 4310, 4314, 4330, 4331, 4347, 4375, 4392, 4395, 4753, 4762, 4768, 4808, 4814, 4821, 4858, 4864, 4870, 5006, 5013, 5016, 
<indx:5	inp/len: 3-4-3-2-0-1-2/60 ,Same Bits = 0	, Similarity% 0	 3468, 3472, 3473, 3708, 3709, 3721, 3979, 3981, 3983, 4205, 4208, 4216, 4306, 4312, 4318, 4328, 4345, 4348, 4379, 4385, 4396, 4435, 4439, 4448, 4601, 4612, 4623, 5478, 5489, 5495, 5550, 5557, 5558, 5587, 5589, 5593, 5653, 5665, 5671, 5778, 5791, 5792, 5833, 5834, 5842, 6059, 6066, 6070, 6103, 6114, 6118, 6132, 6136, 6138, 6350, 6351, 6354, 6482, 6487, 6494, 
>indx:6	inp/len: 4-3-2-0-1-2-3/80 ,Same Bits = 60	, Similarity% 75 	 4684, 4686, 4696, 4699, 5329, 5336, 5337, 5341, 5360, 5362, 5368, 5374, 6201, 6211, 6215, 6223, 6279, 6285, 6287, 6294, 6310, 6313, 6318, 6321, 6375, 6381, 6387, 6389, 6428, 6435, 6445, 6448, 6554, 6559, 6565, 6572, 6652, 6658, 6659, 6663, 6778, 6784, 6793, 6799, 6875, 6880, 6888, 6896, 6941, 6942, 6943, 6946, 7080, 7085, 7086, 7088, 7234, 7235, 7245, 7246, 7342, 7344, 7346, 7349, 7529, 7536, 7541, 7544, 7656, 7659, 7663, 7665, 7786, 7793, 7797, 7799, 8102, 8109, 8111, 8120, 
<indx:7	inp/len: 3-2-0-1-2-3-4/80 ,Same Bits = 0	, Similarity% 0	 6257, 6267, 6268, 6272, 6558, 6561, 6567, 6573, 6926, 6930, 6932, 6948, 7084, 7092, 7094, 7097, 7306, 7307, 7319, 7323, 7328, 7332, 7335, 7339, 7534, 7535, 7545, 7548, 7703, 7707, 7717, 7720, 7775, 7778, 7791, 7792, 7805, 7816, 7817, 7820, 7828, 7834, 7835, 7837, 7954, 7957, 7959, 7971, 7975, 7977, 7981, 7990, 8128, 8134, 8138, 8141, 8155, 8156, 8158, 8169, 8307, 8310, 8321, 8322, 8358, 8363, 8369, 8373, 8406, 8410, 8421, 8423, 8500, 8508, 8509, 8519, 8603, 8604, 8605, 8607, 
<indx:8	inp/len: 2-0-1-2-3-4-3/79 ,Same Bits = 2	, Similarity% 2,53	 4677, 4682, 4693, 4696, 5328, 5331, 5339, 5342, 5354, 5357, 5359, 5367, 6205, 6207, 6208, 6212, 6291, 6292, 6293, 6296, 6301, 6303, 6314, 6376, 6382, 6388, 6398, 6426, 6430, 6446, 6447, 6550, 6562, 6563, 6566, 6656, 6660, 6664, 6667, 6775, 6782, 6792, 6795, 6884, 6890, 6893, 6899, 6927, 6937, 6940, 6945, 7079, 7082, 7093, 7096, 7230, 7233, 7238, 7247, 7329, 7337, 7340, 7343, 7526, 7532, 7537, 7546, 7655, 7658, 7662, 7665, 7776, 7785, 7789, 7794, 8101, 8121, 8122, 8123, 
Current Input: 2 	| Predicted Input: NeoCortexApi.Classifiers.HtmClassifier`2+ClassifierResult[System.String,NeoCortexApi.Entities.ComputeCycle]
Current Input: 2 	| Predicted Input: NeoCortexApi.Classifiers.HtmClassifier`2+ClassifierResult[System.String,NeoCortexApi.Entities.ComputeCycle]
Current Input: 2 	| Predicted Input: NeoCortexApi.Classifiers.HtmClassifier`2+ClassifierResult[System.String,NeoCortexApi.Entities.ComputeCycle]
-------------- 3 ---------------

Active segments: 60, Matching segments: 60
Prev/Now/Same=80/60/60
Col  SDR: 187, 213, 214, 248, 251, 252, 255, 257, 262, 266, 271, 275, 277, 283, 289, 293, 301, 306, 311, 324, 
Cell SDR: 4684, 4686, 4696, 5329, 5336, 5337, 5360, 5362, 5374, 6201, 6211, 6223, 6279, 6285, 6294, 6310, 6313, 6318, 6381, 6387, 6389, 6428, 6435, 6448, 6559, 6565, 6572, 6652, 6658, 6659, 6778, 6784, 6799, 6875, 6880, 6896, 6941, 6942, 6943, 7080, 7085, 7088, 7234, 7245, 7246, 7342, 7344, 7346, 7529, 7536, 7541, 7656, 7663, 7665, 7786, 7793, 7799, 8102, 8109, 8111, 
Match. Actual value: 4-3-2-0-1-2-3 - Predicted value: 4-3-2-0-1-2-3
Missmatch! Actual value: 4-3-2-0-1-2-3 - Predicted value: -1.0-0-1-2-3-4-3
Missmatch! Actual value: 4-3-2-0-1-2-3 - Predicted value: 2-0-1-2-3-4-3
Item length: 60	 Items: 9
Predictive cells: 60 	 6257, 6267, 6272, 6558, 6561, 6567, 6930, 6932, 6948, 7084, 7092, 7097, 7306, 7307, 7319, 7332, 7335, 7339, 7535, 7545, 7548, 7703, 7707, 7720, 7775, 7778, 7791, 7816, 7817, 7820, 7828, 7835, 7837, 7957, 7959, 7971, 7975, 7981, 7990, 8128, 8138, 8141, 8156, 8158, 8169, 8307, 8310, 8322, 8358, 8363, 8373, 8406, 8410, 8423, 8500, 8508, 8519, 8603, 8604, 8607, 
<indx:0	inp/len: -1.0-0-1-2-3-4/20 ,Same Bits = 0	, Similarity% 0	 6270, 6563, 6949, 7091, 7315, 7328, 7534, 7713, 7799, 7811, 7845, 7960, 7991, 8148, 8157, 8308, 8365, 8400, 8502, 8623, 
>indx:1	inp/len: -1.0-0-1-2-3-4-3/20 ,Same Bits = 2	, Similarity% 3,33 	 4683, 5344, 5351, 6209, 6286, 6311, 6392, 6443, 6567, 6655, 6783, 6883, 6942, 7079, 7232, 7333, 7541, 7660, 7778, 8107, 
<indx:2	inp/len: 0-1-2-3-4-3-2/60 ,Same Bits = 0	, Similarity% 0	 3456, 3462, 3470, 3701, 3710, 3723, 3978, 3985, 3988, 4203, 4209, 4221, 4320, 4322, 4324, 4327, 4337, 4349, 4386, 4391, 4399, 4438, 4444, 4447, 4600, 4603, 4610, 5490, 5492, 5499, 5551, 5559, 5567, 5579, 5584, 5590, 5652, 5664, 5668, 5784, 5796, 5799, 5825, 5829, 5836, 6051, 6057, 6069, 6107, 6111, 6119, 6139, 6142, 6149, 6353, 6357, 6361, 6477, 6492, 6499, 
<indx:3	inp/len: 1-2-3-4-3-2-0/60 ,Same Bits = 0	, Similarity% 0	 1800, 1801, 1802, 1951, 1956, 1973, 2030, 2039, 2040, 2106, 2118, 2119, 2225, 2230, 2234, 2489, 2493, 2498, 2525, 2531, 2534, 2701, 2712, 2719, 2788, 2793, 2794, 2934, 2938, 2944, 3006, 3008, 3020, 3062, 3065, 3069, 3127, 3135, 3147, 3302, 3311, 3313, 3829, 3834, 3844, 3908, 3915, 3917, 3977, 3980, 3992, 4027, 4034, 4041, 4142, 4144, 4146, 4325, 4332, 4334, 
<indx:4	inp/len: 2-3-4-3-2-0-1/60 ,Same Bits = 0	, Similarity% 0	 2939, 2940, 2945, 2958, 2960, 2967, 3005, 3007, 3021, 3054, 3056, 3073, 3130, 3133, 3145, 3153, 3156, 3161, 3251, 3252, 3262, 3481, 3483, 3499, 3759, 3761, 3771, 3906, 3911, 3920, 3975, 3993, 3998, 4045, 4046, 4049, 4102, 4108, 4124, 4307, 4310, 4314, 4330, 4331, 4347, 4375, 4392, 4395, 4753, 4762, 4768, 4808, 4814, 4821, 4858, 4864, 4870, 5006, 5013, 5016, 
<indx:5	inp/len: 3-4-3-2-0-1-2/60 ,Same Bits = 0	, Similarity% 0	 3468, 3472, 3473, 3708, 3709, 3721, 3979, 3981, 3983, 4205, 4208, 4216, 4306, 4312, 4318, 4328, 4345, 4348, 4379, 4385, 4396, 4435, 4439, 4448, 4601, 4612, 4623, 5478, 5489, 5495, 5550, 5557, 5558, 5587, 5589, 5593, 5653, 5665, 5671, 5778, 5791, 5792, 5833, 5834, 5842, 6059, 6066, 6070, 6103, 6114, 6118, 6132, 6136, 6138, 6350, 6351, 6354, 6482, 6487, 6494, 
<indx:6	inp/len: 4-3-2-0-1-2-3/60 ,Same Bits = 0	, Similarity% 0	 4684, 4686, 4696, 5329, 5336, 5337, 5360, 5362, 5374, 6201, 6211, 6223, 6279, 6285, 6294, 6310, 6313, 6318, 6381, 6387, 6389, 6428, 6435, 6448, 6559, 6565, 6572, 6652, 6658, 6659, 6778, 6784, 6799, 6875, 6880, 6896, 6941, 6942, 6943, 7080, 7085, 7088, 7234, 7245, 7246, 7342, 7344, 7346, 7529, 7536, 7541, 7656, 7663, 7665, 7786, 7793, 7799, 8102, 8109, 8111, 
>indx:7	inp/len: 3-2-0-1-2-3-4/80 ,Same Bits = 60	, Similarity% 75 	 6257, 6267, 6268, 6272, 6558, 6561, 6567, 6573, 6926, 6930, 6932, 6948, 7084, 7092, 7094, 7097, 7306, 7307, 7319, 7323, 7328, 7332, 7335, 7339, 7534, 7535, 7545, 7548, 7703, 7707, 7717, 7720, 7775, 7778, 7791, 7792, 7805, 7816, 7817, 7820, 7828, 7834, 7835, 7837, 7954, 7957, 7959, 7971, 7975, 7977, 7981, 7990, 8128, 8134, 8138, 8141, 8155, 8156, 8158, 8169, 8307, 8310, 8321, 8322, 8358, 8363, 8369, 8373, 8406, 8410, 8421, 8423, 8500, 8508, 8509, 8519, 8603, 8604, 8605, 8607, 
<indx:8	inp/len: 2-0-1-2-3-4-3/79 ,Same Bits = 0	, Similarity% 0	 4677, 4682, 4693, 4696, 5328, 5331, 5339, 5342, 5354, 5357, 5359, 5367, 6205, 6207, 6208, 6212, 6291, 6292, 6293, 6296, 6301, 6303, 6314, 6376, 6382, 6388, 6398, 6426, 6430, 6446, 6447, 6550, 6562, 6563, 6566, 6656, 6660, 6664, 6667, 6775, 6782, 6792, 6795, 6884, 6890, 6893, 6899, 6927, 6937, 6940, 6945, 7079, 7082, 7093, 7096, 7230, 7233, 7238, 7247, 7329, 7337, 7340, 7343, 7526, 7532, 7537, 7546, 7655, 7658, 7662, 7665, 7776, 7785, 7789, 7794, 8101, 8121, 8122, 8123, 
Current Input: 3 	| Predicted Input: NeoCortexApi.Classifiers.HtmClassifier`2+ClassifierResult[System.String,NeoCortexApi.Entities.ComputeCycle]
Current Input: 3 	| Predicted Input: NeoCortexApi.Classifiers.HtmClassifier`2+ClassifierResult[System.String,NeoCortexApi.Entities.ComputeCycle]
Current Input: 3 	| Predicted Input: NeoCortexApi.Classifiers.HtmClassifier`2+ClassifierResult[System.String,NeoCortexApi.Entities.ComputeCycle]
-------------- 4 ---------------

Active segments: 60, Matching segments: 60
Prev/Now/Same=80/60/60
Col  SDR: 250, 262, 277, 283, 292, 293, 301, 308, 311, 312, 313, 318, 319, 325, 326, 332, 334, 336, 340, 344, 
Cell SDR: 6257, 6267, 6272, 6558, 6561, 6567, 6930, 6932, 6948, 7084, 7092, 7097, 7306, 7307, 7319, 7332, 7335, 7339, 7535, 7545, 7548, 7703, 7707, 7720, 7775, 7778, 7791, 7816, 7817, 7820, 7828, 7835, 7837, 7957, 7959, 7971, 7975, 7981, 7990, 8128, 8138, 8141, 8156, 8158, 8169, 8307, 8310, 8322, 8358, 8363, 8373, 8406, 8410, 8423, 8500, 8508, 8519, 8603, 8604, 8607, 
Match. Actual value: 3-2-0-1-2-3-4 - Predicted value: 3-2-0-1-2-3-4
Missmatch! Actual value: 3-2-0-1-2-3-4 - Predicted value: -1.0-0-1-2-3-4-3
Item length: 60	 Items: 9
Predictive cells: 60 	 4682, 4693, 4696, 5328, 5331, 5339, 5354, 5357, 5367, 6207, 6208, 6212, 6291, 6293, 6296, 6301, 6303, 6314, 6382, 6388, 6398, 6426, 6430, 6447, 6550, 6562, 6566, 6656, 6660, 6664, 6775, 6792, 6795, 6884, 6890, 6893, 6927, 6937, 6945, 7079, 7082, 7093, 7233, 7238, 7247, 7329, 7340, 7343, 7526, 7532, 7546, 7658, 7662, 7665, 7785, 7789, 7794, 8101, 8122, 8123, 
<indx:0	inp/len: -1.0-0-1-2-3-4/20 ,Same Bits = 0	, Similarity% 0	 6270, 6563, 6949, 7091, 7315, 7328, 7534, 7713, 7799, 7811, 7845, 7960, 7991, 8148, 8157, 8308, 8365, 8400, 8502, 8623, 
>indx:1	inp/len: -1.0-0-1-2-3-4-3/20 ,Same Bits = 1	, Similarity% 1,67 	 4683, 5344, 5351, 6209, 6286, 6311, 6392, 6443, 6567, 6655, 6783, 6883, 6942, 7079, 7232, 7333, 7541, 7660, 7778, 8107, 
<indx:2	inp/len: 0-1-2-3-4-3-2/60 ,Same Bits = 0	, Similarity% 0	 3456, 3462, 3470, 3701, 3710, 3723, 3978, 3985, 3988, 4203, 4209, 4221, 4320, 4322, 4324, 4327, 4337, 4349, 4386, 4391, 4399, 4438, 4444, 4447, 4600, 4603, 4610, 5490, 5492, 5499, 5551, 5559, 5567, 5579, 5584, 5590, 5652, 5664, 5668, 5784, 5796, 5799, 5825, 5829, 5836, 6051, 6057, 6069, 6107, 6111, 6119, 6139, 6142, 6149, 6353, 6357, 6361, 6477, 6492, 6499, 
<indx:3	inp/len: 1-2-3-4-3-2-0/60 ,Same Bits = 0	, Similarity% 0	 1800, 1801, 1802, 1951, 1956, 1973, 2030, 2039, 2040, 2106, 2118, 2119, 2225, 2230, 2234, 2489, 2493, 2498, 2525, 2531, 2534, 2701, 2712, 2719, 2788, 2793, 2794, 2934, 2938, 2944, 3006, 3008, 3020, 3062, 3065, 3069, 3127, 3135, 3147, 3302, 3311, 3313, 3829, 3834, 3844, 3908, 3915, 3917, 3977, 3980, 3992, 4027, 4034, 4041, 4142, 4144, 4146, 4325, 4332, 4334, 
<indx:4	inp/len: 2-3-4-3-2-0-1/60 ,Same Bits = 0	, Similarity% 0	 2939, 2940, 2945, 2958, 2960, 2967, 3005, 3007, 3021, 3054, 3056, 3073, 3130, 3133, 3145, 3153, 3156, 3161, 3251, 3252, 3262, 3481, 3483, 3499, 3759, 3761, 3771, 3906, 3911, 3920, 3975, 3993, 3998, 4045, 4046, 4049, 4102, 4108, 4124, 4307, 4310, 4314, 4330, 4331, 4347, 4375, 4392, 4395, 4753, 4762, 4768, 4808, 4814, 4821, 4858, 4864, 4870, 5006, 5013, 5016, 
<indx:5	inp/len: 3-4-3-2-0-1-2/60 ,Same Bits = 0	, Similarity% 0	 3468, 3472, 3473, 3708, 3709, 3721, 3979, 3981, 3983, 4205, 4208, 4216, 4306, 4312, 4318, 4328, 4345, 4348, 4379, 4385, 4396, 4435, 4439, 4448, 4601, 4612, 4623, 5478, 5489, 5495, 5550, 5557, 5558, 5587, 5589, 5593, 5653, 5665, 5671, 5778, 5791, 5792, 5833, 5834, 5842, 6059, 6066, 6070, 6103, 6114, 6118, 6132, 6136, 6138, 6350, 6351, 6354, 6482, 6487, 6494, 
>indx:6	inp/len: 4-3-2-0-1-2-3/60 ,Same Bits = 2	, Similarity% 3,33 	 4684, 4686, 4696, 5329, 5336, 5337, 5360, 5362, 5374, 6201, 6211, 6223, 6279, 6285, 6294, 6310, 6313, 6318, 6381, 6387, 6389, 6428, 6435, 6448, 6559, 6565, 6572, 6652, 6658, 6659, 6778, 6784, 6799, 6875, 6880, 6896, 6941, 6942, 6943, 7080, 7085, 7088, 7234, 7245, 7246, 7342, 7344, 7346, 7529, 7536, 7541, 7656, 7663, 7665, 7786, 7793, 7799, 8102, 8109, 8111, 
<indx:7	inp/len: 3-2-0-1-2-3-4/60 ,Same Bits = 0	, Similarity% 0	 6257, 6267, 6272, 6558, 6561, 6567, 6930, 6932, 6948, 7084, 7092, 7097, 7306, 7307, 7319, 7332, 7335, 7339, 7535, 7545, 7548, 7703, 7707, 7720, 7775, 7778, 7791, 7816, 7817, 7820, 7828, 7835, 7837, 7957, 7959, 7971, 7975, 7981, 7990, 8128, 8138, 8141, 8156, 8158, 8169, 8307, 8310, 8322, 8358, 8363, 8373, 8406, 8410, 8423, 8500, 8508, 8519, 8603, 8604, 8607, 
>indx:8	inp/len: 2-0-1-2-3-4-3/79 ,Same Bits = 60	, Similarity% 75,95 	 4677, 4682, 4693, 4696, 5328, 5331, 5339, 5342, 5354, 5357, 5359, 5367, 6205, 6207, 6208, 6212, 6291, 6292, 6293, 6296, 6301, 6303, 6314, 6376, 6382, 6388, 6398, 6426, 6430, 6446, 6447, 6550, 6562, 6563, 6566, 6656, 6660, 6664, 6667, 6775, 6782, 6792, 6795, 6884, 6890, 6893, 6899, 6927, 6937, 6940, 6945, 7079, 7082, 7093, 7096, 7230, 7233, 7238, 7247, 7329, 7337, 7340, 7343, 7526, 7532, 7537, 7546, 7655, 7658, 7662, 7665, 7776, 7785, 7789, 7794, 8101, 8121, 8122, 8123, 
Current Input: 4 	| Predicted Input: NeoCortexApi.Classifiers.HtmClassifier`2+ClassifierResult[System.String,NeoCortexApi.Entities.ComputeCycle]
Current Input: 4 	| Predicted Input: NeoCortexApi.Classifiers.HtmClassifier`2+ClassifierResult[System.String,NeoCortexApi.Entities.ComputeCycle]
Current Input: 4 	| Predicted Input: NeoCortexApi.Classifiers.HtmClassifier`2+ClassifierResult[System.String,NeoCortexApi.Entities.ComputeCycle]
-------------- 3 ---------------

Active segments: 40, Matching segments: 60
Prev/Now/Same=79/60/60
Col  SDR: 187, 213, 214, 248, 251, 252, 255, 257, 262, 266, 271, 275, 277, 283, 289, 293, 301, 306, 311, 324, 
Cell SDR: 4682, 4693, 4696, 5328, 5331, 5339, 5354, 5357, 5367, 6207, 6208, 6212, 6291, 6293, 6296, 6301, 6303, 6314, 6382, 6388, 6398, 6426, 6430, 6447, 6550, 6562, 6566, 6656, 6660, 6664, 6775, 6792, 6795, 6884, 6890, 6893, 6927, 6937, 6945, 7079, 7082, 7093, 7233, 7238, 7247, 7329, 7340, 7343, 7526, 7532, 7546, 7658, 7662, 7665, 7785, 7789, 7794, 8101, 8122, 8123, 
Match. Actual value: 2-0-1-2-3-4-3 - Predicted value: 2-0-1-2-3-4-3
Missmatch! Actual value: 2-0-1-2-3-4-3 - Predicted value: 4-3-2-0-1-2-3
Missmatch! Actual value: 2-0-1-2-3-4-3 - Predicted value: -1.0-0-1-2-3-4-3
Item length: 40	 Items: 9
Predictive cells: 40 	 3456, 3470, 3701, 3710, 3978, 3985, 4209, 4221, 4320, 4322, 4327, 4349, 4386, 4399, 4438, 4447, 4600, 4610, 5490, 5499, 5551, 5567, 5579, 5584, 5652, 5668, 5784, 5796, 5825, 5829, 6051, 6057, 6107, 6119, 6142, 6149, 6353, 6357, 6492, 6499, 
<indx:0	inp/len: -1.0-0-1-2-3-4/20 ,Same Bits = 0	, Similarity% 0	 6270, 6563, 6949, 7091, 7315, 7328, 7534, 7713, 7799, 7811, 7845, 7960, 7991, 8148, 8157, 8308, 8365, 8400, 8502, 8623, 
<indx:1	inp/len: -1.0-0-1-2-3-4-3/20 ,Same Bits = 0	, Similarity% 0	 4683, 5344, 5351, 6209, 6286, 6311, 6392, 6443, 6567, 6655, 6783, 6883, 6942, 7079, 7232, 7333, 7541, 7660, 7778, 8107, 
>indx:2	inp/len: 0-1-2-3-4-3-2/60 ,Same Bits = 40	, Similarity% 66,67 	 3456, 3462, 3470, 3701, 3710, 3723, 3978, 3985, 3988, 4203, 4209, 4221, 4320, 4322, 4324, 4327, 4337, 4349, 4386, 4391, 4399, 4438, 4444, 4447, 4600, 4603, 4610, 5490, 5492, 5499, 5551, 5559, 5567, 5579, 5584, 5590, 5652, 5664, 5668, 5784, 5796, 5799, 5825, 5829, 5836, 6051, 6057, 6069, 6107, 6111, 6119, 6139, 6142, 6149, 6353, 6357, 6361, 6477, 6492, 6499, 
<indx:3	inp/len: 1-2-3-4-3-2-0/60 ,Same Bits = 0	, Similarity% 0	 1800, 1801, 1802, 1951, 1956, 1973, 2030, 2039, 2040, 2106, 2118, 2119, 2225, 2230, 2234, 2489, 2493, 2498, 2525, 2531, 2534, 2701, 2712, 2719, 2788, 2793, 2794, 2934, 2938, 2944, 3006, 3008, 3020, 3062, 3065, 3069, 3127, 3135, 3147, 3302, 3311, 3313, 3829, 3834, 3844, 3908, 3915, 3917, 3977, 3980, 3992, 4027, 4034, 4041, 4142, 4144, 4146, 4325, 4332, 4334, 
<indx:4	inp/len: 2-3-4-3-2-0-1/60 ,Same Bits = 0	, Similarity% 0	 2939, 2940, 2945, 2958, 2960, 2967, 3005, 3007, 3021, 3054, 3056, 3073, 3130, 3133, 3145, 3153, 3156, 3161, 3251, 3252, 3262, 3481, 3483, 3499, 3759, 3761, 3771, 3906, 3911, 3920, 3975, 3993, 3998, 4045, 4046, 4049, 4102, 4108, 4124, 4307, 4310, 4314, 4330, 4331, 4347, 4375, 4392, 4395, 4753, 4762, 4768, 4808, 4814, 4821, 4858, 4864, 4870, 5006, 5013, 5016, 
<indx:5	inp/len: 3-4-3-2-0-1-2/60 ,Same Bits = 0	, Similarity% 0	 3468, 3472, 3473, 3708, 3709, 3721, 3979, 3981, 3983, 4205, 4208, 4216, 4306, 4312, 4318, 4328, 4345, 4348, 4379, 4385, 4396, 4435, 4439, 4448, 4601, 4612, 4623, 5478, 5489, 5495, 5550, 5557, 5558, 5587, 5589, 5593, 5653, 5665, 5671, 5778, 5791, 5792, 5833, 5834, 5842, 6059, 6066, 6070, 6103, 6114, 6118, 6132, 6136, 6138, 6350, 6351, 6354, 6482, 6487, 6494, 
<indx:6	inp/len: 4-3-2-0-1-2-3/60 ,Same Bits = 0	, Similarity% 0	 4684, 4686, 4696, 5329, 5336, 5337, 5360, 5362, 5374, 6201, 6211, 6223, 6279, 6285, 6294, 6310, 6313, 6318, 6381, 6387, 6389, 6428, 6435, 6448, 6559, 6565, 6572, 6652, 6658, 6659, 6778, 6784, 6799, 6875, 6880, 6896, 6941, 6942, 6943, 7080, 7085, 7088, 7234, 7245, 7246, 7342, 7344, 7346, 7529, 7536, 7541, 7656, 7663, 7665, 7786, 7793, 7799, 8102, 8109, 8111, 
<indx:7	inp/len: 3-2-0-1-2-3-4/60 ,Same Bits = 0	, Similarity% 0	 6257, 6267, 6272, 6558, 6561, 6567, 6930, 6932, 6948, 7084, 7092, 7097, 7306, 7307, 7319, 7332, 7335, 7339, 7535, 7545, 7548, 7703, 7707, 7720, 7775, 7778, 7791, 7816, 7817, 7820, 7828, 7835, 7837, 7957, 7959, 7971, 7975, 7981, 7990, 8128, 8138, 8141, 8156, 8158, 8169, 8307, 8310, 8322, 8358, 8363, 8373, 8406, 8410, 8423, 8500, 8508, 8519, 8603, 8604, 8607, 
<indx:8	inp/len: 2-0-1-2-3-4-3/60 ,Same Bits = 0	, Similarity% 0	 4682, 4693, 4696, 5328, 5331, 5339, 5354, 5357, 5367, 6207, 6208, 6212, 6291, 6293, 6296, 6301, 6303, 6314, 6382, 6388, 6398, 6426, 6430, 6447, 6550, 6562, 6566, 6656, 6660, 6664, 6775, 6792, 6795, 6884, 6890, 6893, 6927, 6937, 6945, 7079, 7082, 7093, 7233, 7238, 7247, 7329, 7340, 7343, 7526, 7532, 7546, 7658, 7662, 7665, 7785, 7789, 7794, 8101, 8122, 8123, 
Current Input: 3 	| Predicted Input: NeoCortexApi.Classifiers.HtmClassifier`2+ClassifierResult[System.String,NeoCortexApi.Entities.ComputeCycle]
Current Input: 3 	| Predicted Input: NeoCortexApi.Classifiers.HtmClassifier`2+ClassifierResult[System.String,NeoCortexApi.Entities.ComputeCycle]
Current Input: 3 	| Predicted Input: NeoCortexApi.Classifiers.HtmClassifier`2+ClassifierResult[System.String,NeoCortexApi.Entities.ComputeCycle]
-------------- 2 ---------------

Active segments: 40, Matching segments: 40
Prev/Now/Same=60/40/40
Col  SDR: 138, 148, 159, 168, 172, 173, 175, 177, 184, 219, 222, 223, 226, 231, 233, 242, 244, 245, 254, 259, 
Cell SDR: 3456, 3470, 3701, 3710, 3978, 3985, 4209, 4221, 4320, 4322, 4327, 4349, 4386, 4399, 4438, 4447, 4600, 4610, 5490, 5499, 5551, 5567, 5579, 5584, 5652, 5668, 5784, 5796, 5825, 5829, 6051, 6057, 6107, 6119, 6142, 6149, 6353, 6357, 6492, 6499, 
Match. Actual value: 0-1-2-3-4-3-2 - Predicted value: 0-1-2-3-4-3-2
Item length: 40	 Items: 9
Predictive cells: 40 	 1800, 1801, 1951, 1956, 2039, 2040, 2106, 2119, 2225, 2230, 2489, 2498, 2525, 2531, 2712, 2719, 2788, 2794, 2934, 2944, 3006, 3008, 3065, 3069, 3127, 3147, 3311, 3313, 3834, 3844, 3908, 3917, 3977, 3992, 4027, 4041, 4144, 4146, 4325, 4332, 
<indx:0	inp/len: -1.0-0-1-2-3-4/20 ,Same Bits = 0	, Similarity% 0	 6270, 6563, 6949, 7091, 7315, 7328, 7534, 7713, 7799, 7811, 7845, 7960, 7991, 8148, 8157, 8308, 8365, 8400, 8502, 8623, 
<indx:1	inp/len: -1.0-0-1-2-3-4-3/20 ,Same Bits = 0	, Similarity% 0	 4683, 5344, 5351, 6209, 6286, 6311, 6392, 6443, 6567, 6655, 6783, 6883, 6942, 7079, 7232, 7333, 7541, 7660, 7778, 8107, 
<indx:2	inp/len: 0-1-2-3-4-3-2/40 ,Same Bits = 0	, Similarity% 0	 3456, 3470, 3701, 3710, 3978, 3985, 4209, 4221, 4320, 4322, 4327, 4349, 4386, 4399, 4438, 4447, 4600, 4610, 5490, 5499, 5551, 5567, 5579, 5584, 5652, 5668, 5784, 5796, 5825, 5829, 6051, 6057, 6107, 6119, 6142, 6149, 6353, 6357, 6492, 6499, 
>indx:3	inp/len: 1-2-3-4-3-2-0/60 ,Same Bits = 40	, Similarity% 66,67 	 1800, 1801, 1802, 1951, 1956, 1973, 2030, 2039, 2040, 2106, 2118, 2119, 2225, 2230, 2234, 2489, 2493, 2498, 2525, 2531, 2534, 2701, 2712, 2719, 2788, 2793, 2794, 2934, 2938, 2944, 3006, 3008, 3020, 3062, 3065, 3069, 3127, 3135, 3147, 3302, 3311, 3313, 3829, 3834, 3844, 3908, 3915, 3917, 3977, 3980, 3992, 4027, 4034, 4041, 4142, 4144, 4146, 4325, 4332, 4334, 
<indx:4	inp/len: 2-3-4-3-2-0-1/60 ,Same Bits = 0	, Similarity% 0	 2939, 2940, 2945, 2958, 2960, 2967, 3005, 3007, 3021, 3054, 3056, 3073, 3130, 3133, 3145, 3153, 3156, 3161, 3251, 3252, 3262, 3481, 3483, 3499, 3759, 3761, 3771, 3906, 3911, 3920, 3975, 3993, 3998, 4045, 4046, 4049, 4102, 4108, 4124, 4307, 4310, 4314, 4330, 4331, 4347, 4375, 4392, 4395, 4753, 4762, 4768, 4808, 4814, 4821, 4858, 4864, 4870, 5006, 5013, 5016, 
<indx:5	inp/len: 3-4-3-2-0-1-2/60 ,Same Bits = 0	, Similarity% 0	 3468, 3472, 3473, 3708, 3709, 3721, 3979, 3981, 3983, 4205, 4208, 4216, 4306, 4312, 4318, 4328, 4345, 4348, 4379, 4385, 4396, 4435, 4439, 4448, 4601, 4612, 4623, 5478, 5489, 5495, 5550, 5557, 5558, 5587, 5589, 5593, 5653, 5665, 5671, 5778, 5791, 5792, 5833, 5834, 5842, 6059, 6066, 6070, 6103, 6114, 6118, 6132, 6136, 6138, 6350, 6351, 6354, 6482, 6487, 6494, 
<indx:6	inp/len: 4-3-2-0-1-2-3/60 ,Same Bits = 0	, Similarity% 0	 4684, 4686, 4696, 5329, 5336, 5337, 5360, 5362, 5374, 6201, 6211, 6223, 6279, 6285, 6294, 6310, 6313, 6318, 6381, 6387, 6389, 6428, 6435, 6448, 6559, 6565, 6572, 6652, 6658, 6659, 6778, 6784, 6799, 6875, 6880, 6896, 6941, 6942, 6943, 7080, 7085, 7088, 7234, 7245, 7246, 7342, 7344, 7346, 7529, 7536, 7541, 7656, 7663, 7665, 7786, 7793, 7799, 8102, 8109, 8111, 
<indx:7	inp/len: 3-2-0-1-2-3-4/60 ,Same Bits = 0	, Similarity% 0	 6257, 6267, 6272, 6558, 6561, 6567, 6930, 6932, 6948, 7084, 7092, 7097, 7306, 7307, 7319, 7332, 7335, 7339, 7535, 7545, 7548, 7703, 7707, 7720, 7775, 7778, 7791, 7816, 7817, 7820, 7828, 7835, 7837, 7957, 7959, 7971, 7975, 7981, 7990, 8128, 8138, 8141, 8156, 8158, 8169, 8307, 8310, 8322, 8358, 8363, 8373, 8406, 8410, 8423, 8500, 8508, 8519, 8603, 8604, 8607, 
<indx:8	inp/len: 2-0-1-2-3-4-3/60 ,Same Bits = 0	, Similarity% 0	 4682, 4693, 4696, 5328, 5331, 5339, 5354, 5357, 5367, 6207, 6208, 6212, 6291, 6293, 6296, 6301, 6303, 6314, 6382, 6388, 6398, 6426, 6430, 6447, 6550, 6562, 6566, 6656, 6660, 6664, 6775, 6792, 6795, 6884, 6890, 6893, 6927, 6937, 6945, 7079, 7082, 7093, 7233, 7238, 7247, 7329, 7340, 7343, 7526, 7532, 7546, 7658, 7662, 7665, 7785, 7789, 7794, 8101, 8122, 8123, 
Current Input: 2 	| Predicted Input: NeoCortexApi.Classifiers.HtmClassifier`2+ClassifierResult[System.String,NeoCortexApi.Entities.ComputeCycle]
Current Input: 2 	| Predicted Input: NeoCortexApi.Classifiers.HtmClassifier`2+ClassifierResult[System.String,NeoCortexApi.Entities.ComputeCycle]
Current Input: 2 	| Predicted Input: NeoCortexApi.Classifiers.HtmClassifier`2+ClassifierResult[System.String,NeoCortexApi.Entities.ComputeCycle]
Cycle: 3681	Matches=7 of 7	 100%
100% accuracy reched 9 times.
-------------- Cycle 3682 ---------------
-------------- 0 ---------------

Active segments: 40, Matching segments: 40
Prev/Now/Same=60/40/40
Col  SDR: 72, 78, 81, 84, 89, 99, 101, 108, 111, 117, 120, 122, 125, 132, 153, 156, 159, 161, 165, 173, 
Cell SDR: 1800, 1801, 1951, 1956, 2039, 2040, 2106, 2119, 2225, 2230, 2489, 2498, 2525, 2531, 2712, 2719, 2788, 2794, 2934, 2944, 3006, 3008, 3065, 3069, 3127, 3147, 3311, 3313, 3834, 3844, 3908, 3917, 3977, 3992, 4027, 4041, 4144, 4146, 4325, 4332, 
Match. Actual value: 1-2-3-4-3-2-0 - Predicted value: 1-2-3-4-3-2-0
Item length: 40	 Items: 9
Predictive cells: 40 	 2939, 2940, 2958, 2967, 3005, 3007, 3056, 3073, 3130, 3145, 3156, 3161, 3252, 3262, 3481, 3499, 3761, 3771, 3906, 3920, 3975, 3993, 4045, 4046, 4108, 4124, 4307, 4314, 4331, 4347, 4392, 4395, 4753, 4762, 4814, 4821, 4858, 4864, 5006, 5016, 
<indx:0	inp/len: -1.0-0-1-2-3-4/20 ,Same Bits = 0	, Similarity% 0	 6270, 6563, 6949, 7091, 7315, 7328, 7534, 7713, 7799, 7811, 7845, 7960, 7991, 8148, 8157, 8308, 8365, 8400, 8502, 8623, 
<indx:1	inp/len: -1.0-0-1-2-3-4-3/20 ,Same Bits = 0	, Similarity% 0	 4683, 5344, 5351, 6209, 6286, 6311, 6392, 6443, 6567, 6655, 6783, 6883, 6942, 7079, 7232, 7333, 7541, 7660, 7778, 8107, 
<indx:2	inp/len: 0-1-2-3-4-3-2/40 ,Same Bits = 0	, Similarity% 0	 3456, 3470, 3701, 3710, 3978, 3985, 4209, 4221, 4320, 4322, 4327, 4349, 4386, 4399, 4438, 4447, 4600, 4610, 5490, 5499, 5551, 5567, 5579, 5584, 5652, 5668, 5784, 5796, 5825, 5829, 6051, 6057, 6107, 6119, 6142, 6149, 6353, 6357, 6492, 6499, 
<indx:3	inp/len: 1-2-3-4-3-2-0/40 ,Same Bits = 0	, Similarity% 0	 1800, 1801, 1951, 1956, 2039, 2040, 2106, 2119, 2225, 2230, 2489, 2498, 2525, 2531, 2712, 2719, 2788, 2794, 2934, 2944, 3006, 3008, 3065, 3069, 3127, 3147, 3311, 3313, 3834, 3844, 3908, 3917, 3977, 3992, 4027, 4041, 4144, 4146, 4325, 4332, 
>indx:4	inp/len: 2-3-4-3-2-0-1/60 ,Same Bits = 40	, Similarity% 66,67 	 2939, 2940, 2945, 2958, 2960, 2967, 3005, 3007, 3021, 3054, 3056, 3073, 3130, 3133, 3145, 3153, 3156, 3161, 3251, 3252, 3262, 3481, 3483, 3499, 3759, 3761, 3771, 3906, 3911, 3920, 3975, 3993, 3998, 4045, 4046, 4049, 4102, 4108, 4124, 4307, 4310, 4314, 4330, 4331, 4347, 4375, 4392, 4395, 4753, 4762, 4768, 4808, 4814, 4821, 4858, 4864, 4870, 5006, 5013, 5016, 
<indx:5	inp/len: 3-4-3-2-0-1-2/60 ,Same Bits = 0	, Similarity% 0	 3468, 3472, 3473, 3708, 3709, 3721, 3979, 3981, 3983, 4205, 4208, 4216, 4306, 4312, 4318, 4328, 4345, 4348, 4379, 4385, 4396, 4435, 4439, 4448, 4601, 4612, 4623, 5478, 5489, 5495, 5550, 5557, 5558, 5587, 5589, 5593, 5653, 5665, 5671, 5778, 5791, 5792, 5833, 5834, 5842, 6059, 6066, 6070, 6103, 6114, 6118, 6132, 6136, 6138, 6350, 6351, 6354, 6482, 6487, 6494, 
<indx:6	inp/len: 4-3-2-0-1-2-3/60 ,Same Bits = 0	, Similarity% 0	 4684, 4686, 4696, 5329, 5336, 5337, 5360, 5362, 5374, 6201, 6211, 6223, 6279, 6285, 6294, 6310, 6313, 6318, 6381, 6387, 6389, 6428, 6435, 6448, 6559, 6565, 6572, 6652, 6658, 6659, 6778, 6784, 6799, 6875, 6880, 6896, 6941, 6942, 6943, 7080, 7085, 7088, 7234, 7245, 7246, 7342, 7344, 7346, 7529, 7536, 7541, 7656, 7663, 7665, 7786, 7793, 7799, 8102, 8109, 8111, 
<indx:7	inp/len: 3-2-0-1-2-3-4/60 ,Same Bits = 0	, Similarity% 0	 6257, 6267, 6272, 6558, 6561, 6567, 6930, 6932, 6948, 7084, 7092, 7097, 7306, 7307, 7319, 7332, 7335, 7339, 7535, 7545, 7548, 7703, 7707, 7720, 7775, 7778, 7791, 7816, 7817, 7820, 7828, 7835, 7837, 7957, 7959, 7971, 7975, 7981, 7990, 8128, 8138, 8141, 8156, 8158, 8169, 8307, 8310, 8322, 8358, 8363, 8373, 8406, 8410, 8423, 8500, 8508, 8519, 8603, 8604, 8607, 
<indx:8	inp/len: 2-0-1-2-3-4-3/60 ,Same Bits = 0	, Similarity% 0	 4682, 4693, 4696, 5328, 5331, 5339, 5354, 5357, 5367, 6207, 6208, 6212, 6291, 6293, 6296, 6301, 6303, 6314, 6382, 6388, 6398, 6426, 6430, 6447, 6550, 6562, 6566, 6656, 6660, 6664, 6775, 6792, 6795, 6884, 6890, 6893, 6927, 6937, 6945, 7079, 7082, 7093, 7233, 7238, 7247, 7329, 7340, 7343, 7526, 7532, 7546, 7658, 7662, 7665, 7785, 7789, 7794, 8101, 8122, 8123, 
Current Input: 0 	| Predicted Input: NeoCortexApi.Classifiers.HtmClassifier`2+ClassifierResult[System.String,NeoCortexApi.Entities.ComputeCycle]
Current Input: 0 	| Predicted Input: NeoCortexApi.Classifiers.HtmClassifier`2+ClassifierResult[System.String,NeoCortexApi.Entities.ComputeCycle]
Current Input: 0 	| Predicted Input: NeoCortexApi.Classifiers.HtmClassifier`2+ClassifierResult[System.String,NeoCortexApi.Entities.ComputeCycle]
-------------- 1 ---------------

Active segments: 40, Matching segments: 40
Prev/Now/Same=60/40/40
Col  SDR: 117, 118, 120, 122, 125, 126, 130, 139, 150, 156, 159, 161, 164, 172, 173, 175, 190, 192, 194, 200, 
Cell SDR: 2939, 2940, 2958, 2967, 3005, 3007, 3056, 3073, 3130, 3145, 3156, 3161, 3252, 3262, 3481, 3499, 3761, 3771, 3906, 3920, 3975, 3993, 4045, 4046, 4108, 4124, 4307, 4314, 4331, 4347, 4392, 4395, 4753, 4762, 4814, 4821, 4858, 4864, 5006, 5016, 
Match. Actual value: 2-3-4-3-2-0-1 - Predicted value: 2-3-4-3-2-0-1
Item length: 40	 Items: 9
Predictive cells: 40 	 3468, 3472, 3708, 3709, 3979, 3981, 4208, 4216, 4312, 4318, 4328, 4348, 4379, 4396, 4435, 4448, 4612, 4623, 5489, 5495, 5550, 5557, 5587, 5593, 5653, 5665, 5791, 5792, 5834, 5842, 6066, 6070, 6114, 6118, 6132, 6138, 6350, 6351, 6482, 6494, 
<indx:0	inp/len: -1.0-0-1-2-3-4/20 ,Same Bits = 0	, Similarity% 0	 6270, 6563, 6949, 7091, 7315, 7328, 7534, 7713, 7799, 7811, 7845, 7960, 7991, 8148, 8157, 8308, 8365, 8400, 8502, 8623, 
<indx:1	inp/len: -1.0-0-1-2-3-4-3/20 ,Same Bits = 0	, Similarity% 0	 4683, 5344, 5351, 6209, 6286, 6311, 6392, 6443, 6567, 6655, 6783, 6883, 6942, 7079, 7232, 7333, 7541, 7660, 7778, 8107, 
<indx:2	inp/len: 0-1-2-3-4-3-2/40 ,Same Bits = 0	, Similarity% 0	 3456, 3470, 3701, 3710, 3978, 3985, 4209, 4221, 4320, 4322, 4327, 4349, 4386, 4399, 4438, 4447, 4600, 4610, 5490, 5499, 5551, 5567, 5579, 5584, 5652, 5668, 5784, 5796, 5825, 5829, 6051, 6057, 6107, 6119, 6142, 6149, 6353, 6357, 6492, 6499, 
<indx:3	inp/len: 1-2-3-4-3-2-0/40 ,Same Bits = 0	, Similarity% 0	 1800, 1801, 1951, 1956, 2039, 2040, 2106, 2119, 2225, 2230, 2489, 2498, 2525, 2531, 2712, 2719, 2788, 2794, 2934, 2944, 3006, 3008, 3065, 3069, 3127, 3147, 3311, 3313, 3834, 3844, 3908, 3917, 3977, 3992, 4027, 4041, 4144, 4146, 4325, 4332, 
<indx:4	inp/len: 2-3-4-3-2-0-1/40 ,Same Bits = 0	, Similarity% 0	 2939, 2940, 2958, 2967, 3005, 3007, 3056, 3073, 3130, 3145, 3156, 3161, 3252, 3262, 3481, 3499, 3761, 3771, 3906, 3920, 3975, 3993, 4045, 4046, 4108, 4124, 4307, 4314, 4331, 4347, 4392, 4395, 4753, 4762, 4814, 4821, 4858, 4864, 5006, 5016, 
>indx:5	inp/len: 3-4-3-2-0-1-2/60 ,Same Bits = 40	, Similarity% 66,67 	 3468, 3472, 3473, 3708, 3709, 3721, 3979, 3981, 3983, 4205, 4208, 4216, 4306, 4312, 4318, 4328, 4345, 4348, 4379, 4385, 4396, 4435, 4439, 4448, 4601, 4612, 4623, 5478, 5489, 5495, 5550, 5557, 5558, 5587, 5589, 5593, 5653, 5665, 5671, 5778, 5791, 5792, 5833, 5834, 5842, 6059, 6066, 6070, 6103, 6114, 6118, 6132, 6136, 6138, 6350, 6351, 6354, 6482, 6487, 6494, 
<indx:6	inp/len: 4-3-2-0-1-2-3/60 ,Same Bits = 0	, Similarity% 0	 4684, 4686, 4696, 5329, 5336, 5337, 5360, 5362, 5374, 6201, 6211, 6223, 6279, 6285, 6294, 6310, 6313, 6318, 6381, 6387, 6389, 6428, 6435, 6448, 6559, 6565, 6572, 6652, 6658, 6659, 6778, 6784, 6799, 6875, 6880, 6896, 6941, 6942, 6943, 7080, 7085, 7088, 7234, 7245, 7246, 7342, 7344, 7346, 7529, 7536, 7541, 7656, 7663, 7665, 7786, 7793, 7799, 8102, 8109, 8111, 
<indx:7	inp/len: 3-2-0-1-2-3-4/60 ,Same Bits = 0	, Similarity% 0	 6257, 6267, 6272, 6558, 6561, 6567, 6930, 6932, 6948, 7084, 7092, 7097, 7306, 7307, 7319, 7332, 7335, 7339, 7535, 7545, 7548, 7703, 7707, 7720, 7775, 7778, 7791, 7816, 7817, 7820, 7828, 7835, 7837, 7957, 7959, 7971, 7975, 7981, 7990, 8128, 8138, 8141, 8156, 8158, 8169, 8307, 8310, 8322, 8358, 8363, 8373, 8406, 8410, 8423, 8500, 8508, 8519, 8603, 8604, 8607, 
<indx:8	inp/len: 2-0-1-2-3-4-3/60 ,Same Bits = 0	, Similarity% 0	 4682, 4693, 4696, 5328, 5331, 5339, 5354, 5357, 5367, 6207, 6208, 6212, 6291, 6293, 6296, 6301, 6303, 6314, 6382, 6388, 6398, 6426, 6430, 6447, 6550, 6562, 6566, 6656, 6660, 6664, 6775, 6792, 6795, 6884, 6890, 6893, 6927, 6937, 6945, 7079, 7082, 7093, 7233, 7238, 7247, 7329, 7340, 7343, 7526, 7532, 7546, 7658, 7662, 7665, 7785, 7789, 7794, 8101, 8122, 8123, 
Current Input: 1 	| Predicted Input: NeoCortexApi.Classifiers.HtmClassifier`2+ClassifierResult[System.String,NeoCortexApi.Entities.ComputeCycle]
Current Input: 1 	| Predicted Input: NeoCortexApi.Classifiers.HtmClassifier`2+ClassifierResult[System.String,NeoCortexApi.Entities.ComputeCycle]
Current Input: 1 	| Predicted Input: NeoCortexApi.Classifiers.HtmClassifier`2+ClassifierResult[System.String,NeoCortexApi.Entities.ComputeCycle]
-------------- 2 ---------------

Active segments: 40, Matching segments: 40
Prev/Now/Same=60/40/40
Col  SDR: 138, 148, 159, 168, 172, 173, 175, 177, 184, 219, 222, 223, 226, 231, 233, 242, 244, 245, 254, 259, 
Cell SDR: 3468, 3472, 3708, 3709, 3979, 3981, 4208, 4216, 4312, 4318, 4328, 4348, 4379, 4396, 4435, 4448, 4612, 4623, 5489, 5495, 5550, 5557, 5587, 5593, 5653, 5665, 5791, 5792, 5834, 5842, 6066, 6070, 6114, 6118, 6132, 6138, 6350, 6351, 6482, 6494, 
Match. Actual value: 3-4-3-2-0-1-2 - Predicted value: 3-4-3-2-0-1-2
Item length: 40	 Items: 9
Predictive cells: 40 	 4684, 4696, 5329, 5336, 5360, 5374, 6201, 6211, 6279, 6285, 6313, 6318, 6381, 6389, 6428, 6435, 6559, 6572, 6652, 6659, 6778, 6784, 6875, 6896, 6942, 6943, 7085, 7088, 7245, 7246, 7344, 7346, 7529, 7541, 7656, 7663, 7793, 7799, 8102, 8109, 
>indx:0	inp/len: -1.0-0-1-2-3-4/20 ,Same Bits = 1	, Similarity% 2,5 	 6270, 6563, 6949, 7091, 7315, 7328, 7534, 7713, 7799, 7811, 7845, 7960, 7991, 8148, 8157, 8308, 8365, 8400, 8502, 8623, 
>indx:1	inp/len: -1.0-0-1-2-3-4-3/20 ,Same Bits = 2	, Similarity% 5 	 4683, 5344, 5351, 6209, 6286, 6311, 6392, 6443, 6567, 6655, 6783, 6883, 6942, 7079, 7232, 7333, 7541, 7660, 7778, 8107, 
<indx:2	inp/len: 0-1-2-3-4-3-2/40 ,Same Bits = 0	, Similarity% 0	 3456, 3470, 3701, 3710, 3978, 3985, 4209, 4221, 4320, 4322, 4327, 4349, 4386, 4399, 4438, 4447, 4600, 4610, 5490, 5499, 5551, 5567, 5579, 5584, 5652, 5668, 5784, 5796, 5825, 5829, 6051, 6057, 6107, 6119, 6142, 6149, 6353, 6357, 6492, 6499, 
<indx:3	inp/len: 1-2-3-4-3-2-0/40 ,Same Bits = 0	, Similarity% 0	 1800, 1801, 1951, 1956, 2039, 2040, 2106, 2119, 2225, 2230, 2489, 2498, 2525, 2531, 2712, 2719, 2788, 2794, 2934, 2944, 3006, 3008, 3065, 3069, 3127, 3147, 3311, 3313, 3834, 3844, 3908, 3917, 3977, 3992, 4027, 4041, 4144, 4146, 4325, 4332, 
<indx:4	inp/len: 2-3-4-3-2-0-1/40 ,Same Bits = 0	, Similarity% 0	 2939, 2940, 2958, 2967, 3005, 3007, 3056, 3073, 3130, 3145, 3156, 3161, 3252, 3262, 3481, 3499, 3761, 3771, 3906, 3920, 3975, 3993, 4045, 4046, 4108, 4124, 4307, 4314, 4331, 4347, 4392, 4395, 4753, 4762, 4814, 4821, 4858, 4864, 5006, 5016, 
<indx:5	inp/len: 3-4-3-2-0-1-2/40 ,Same Bits = 0	, Similarity% 0	 3468, 3472, 3708, 3709, 3979, 3981, 4208, 4216, 4312, 4318, 4328, 4348, 4379, 4396, 4435, 4448, 4612, 4623, 5489, 5495, 5550, 5557, 5587, 5593, 5653, 5665, 5791, 5792, 5834, 5842, 6066, 6070, 6114, 6118, 6132, 6138, 6350, 6351, 6482, 6494, 
>indx:6	inp/len: 4-3-2-0-1-2-3/60 ,Same Bits = 40	, Similarity% 66,67 	 4684, 4686, 4696, 5329, 5336, 5337, 5360, 5362, 5374, 6201, 6211, 6223, 6279, 6285, 6294, 6310, 6313, 6318, 6381, 6387, 6389, 6428, 6435, 6448, 6559, 6565, 6572, 6652, 6658, 6659, 6778, 6784, 6799, 6875, 6880, 6896, 6941, 6942, 6943, 7080, 7085, 7088, 7234, 7245, 7246, 7342, 7344, 7346, 7529, 7536, 7541, 7656, 7663, 7665, 7786, 7793, 7799, 8102, 8109, 8111, 
<indx:7	inp/len: 3-2-0-1-2-3-4/60 ,Same Bits = 0	, Similarity% 0	 6257, 6267, 6272, 6558, 6561, 6567, 6930, 6932, 6948, 7084, 7092, 7097, 7306, 7307, 7319, 7332, 7335, 7339, 7535, 7545, 7548, 7703, 7707, 7720, 7775, 7778, 7791, 7816, 7817, 7820, 7828, 7835, 7837, 7957, 7959, 7971, 7975, 7981, 7990, 8128, 8138, 8141, 8156, 8158, 8169, 8307, 8310, 8322, 8358, 8363, 8373, 8406, 8410, 8423, 8500, 8508, 8519, 8603, 8604, 8607, 
<indx:8	inp/len: 2-0-1-2-3-4-3/60 ,Same Bits = 1	, Similarity% 1,67	 4682, 4693, 4696, 5328, 5331, 5339, 5354, 5357, 5367, 6207, 6208, 6212, 6291, 6293, 6296, 6301, 6303, 6314, 6382, 6388, 6398, 6426, 6430, 6447, 6550, 6562, 6566, 6656, 6660, 6664, 6775, 6792, 6795, 6884, 6890, 6893, 6927, 6937, 6945, 7079, 7082, 7093, 7233, 7238, 7247, 7329, 7340, 7343, 7526, 7532, 7546, 7658, 7662, 7665, 7785, 7789, 7794, 8101, 8122, 8123, 
Current Input: 2 	| Predicted Input: NeoCortexApi.Classifiers.HtmClassifier`2+ClassifierResult[System.String,NeoCortexApi.Entities.ComputeCycle]
Current Input: 2 	| Predicted Input: NeoCortexApi.Classifiers.HtmClassifier`2+ClassifierResult[System.String,NeoCortexApi.Entities.ComputeCycle]
Current Input: 2 	| Predicted Input: NeoCortexApi.Classifiers.HtmClassifier`2+ClassifierResult[System.String,NeoCortexApi.Entities.ComputeCycle]
-------------- 3 ---------------

Active segments: 40, Matching segments: 40
Prev/Now/Same=60/40/40
Col  SDR: 187, 213, 214, 248, 251, 252, 255, 257, 262, 266, 271, 275, 277, 283, 289, 293, 301, 306, 311, 324, 
Cell SDR: 4684, 4696, 5329, 5336, 5360, 5374, 6201, 6211, 6279, 6285, 6313, 6318, 6381, 6389, 6428, 6435, 6559, 6572, 6652, 6659, 6778, 6784, 6875, 6896, 6942, 6943, 7085, 7088, 7245, 7246, 7344, 7346, 7529, 7541, 7656, 7663, 7793, 7799, 8102, 8109, 
Match. Actual value: 4-3-2-0-1-2-3 - Predicted value: 4-3-2-0-1-2-3
Missmatch! Actual value: 4-3-2-0-1-2-3 - Predicted value: -1.0-0-1-2-3-4-3
Missmatch! Actual value: 4-3-2-0-1-2-3 - Predicted value: -1.0-0-1-2-3-4
Item length: 40	 Items: 9
Predictive cells: 40 	 6267, 6272, 6558, 6567, 6930, 6948, 7084, 7092, 7306, 7319, 7335, 7339, 7545, 7548, 7703, 7720, 7775, 7778, 7816, 7820, 7828, 7835, 7957, 7959, 7975, 7981, 8128, 8138, 8156, 8169, 8310, 8322, 8358, 8363, 8410, 8423, 8500, 8508, 8603, 8607, 
<indx:0	inp/len: -1.0-0-1-2-3-4/20 ,Same Bits = 0	, Similarity% 0	 6270, 6563, 6949, 7091, 7315, 7328, 7534, 7713, 7799, 7811, 7845, 7960, 7991, 8148, 8157, 8308, 8365, 8400, 8502, 8623, 
>indx:1	inp/len: -1.0-0-1-2-3-4-3/20 ,Same Bits = 2	, Similarity% 5 	 4683, 5344, 5351, 6209, 6286, 6311, 6392, 6443, 6567, 6655, 6783, 6883, 6942, 7079, 7232, 7333, 7541, 7660, 7778, 8107, 
<indx:2	inp/len: 0-1-2-3-4-3-2/40 ,Same Bits = 0	, Similarity% 0	 3456, 3470, 3701, 3710, 3978, 3985, 4209, 4221, 4320, 4322, 4327, 4349, 4386, 4399, 4438, 4447, 4600, 4610, 5490, 5499, 5551, 5567, 5579, 5584, 5652, 5668, 5784, 5796, 5825, 5829, 6051, 6057, 6107, 6119, 6142, 6149, 6353, 6357, 6492, 6499, 
<indx:3	inp/len: 1-2-3-4-3-2-0/40 ,Same Bits = 0	, Similarity% 0	 1800, 1801, 1951, 1956, 2039, 2040, 2106, 2119, 2225, 2230, 2489, 2498, 2525, 2531, 2712, 2719, 2788, 2794, 2934, 2944, 3006, 3008, 3065, 3069, 3127, 3147, 3311, 3313, 3834, 3844, 3908, 3917, 3977, 3992, 4027, 4041, 4144, 4146, 4325, 4332, 
<indx:4	inp/len: 2-3-4-3-2-0-1/40 ,Same Bits = 0	, Similarity% 0	 2939, 2940, 2958, 2967, 3005, 3007, 3056, 3073, 3130, 3145, 3156, 3161, 3252, 3262, 3481, 3499, 3761, 3771, 3906, 3920, 3975, 3993, 4045, 4046, 4108, 4124, 4307, 4314, 4331, 4347, 4392, 4395, 4753, 4762, 4814, 4821, 4858, 4864, 5006, 5016, 
<indx:5	inp/len: 3-4-3-2-0-1-2/40 ,Same Bits = 0	, Similarity% 0	 3468, 3472, 3708, 3709, 3979, 3981, 4208, 4216, 4312, 4318, 4328, 4348, 4379, 4396, 4435, 4448, 4612, 4623, 5489, 5495, 5550, 5557, 5587, 5593, 5653, 5665, 5791, 5792, 5834, 5842, 6066, 6070, 6114, 6118, 6132, 6138, 6350, 6351, 6482, 6494, 
<indx:6	inp/len: 4-3-2-0-1-2-3/40 ,Same Bits = 0	, Similarity% 0	 4684, 4696, 5329, 5336, 5360, 5374, 6201, 6211, 6279, 6285, 6313, 6318, 6381, 6389, 6428, 6435, 6559, 6572, 6652, 6659, 6778, 6784, 6875, 6896, 6942, 6943, 7085, 7088, 7245, 7246, 7344, 7346, 7529, 7541, 7656, 7663, 7793, 7799, 8102, 8109, 
>indx:7	inp/len: 3-2-0-1-2-3-4/60 ,Same Bits = 40	, Similarity% 66,67 	 6257, 6267, 6272, 6558, 6561, 6567, 6930, 6932, 6948, 7084, 7092, 7097, 7306, 7307, 7319, 7332, 7335, 7339, 7535, 7545, 7548, 7703, 7707, 7720, 7775, 7778, 7791, 7816, 7817, 7820, 7828, 7835, 7837, 7957, 7959, 7971, 7975, 7981, 7990, 8128, 8138, 8141, 8156, 8158, 8169, 8307, 8310, 8322, 8358, 8363, 8373, 8406, 8410, 8423, 8500, 8508, 8519, 8603, 8604, 8607, 
<indx:8	inp/len: 2-0-1-2-3-4-3/60 ,Same Bits = 0	, Similarity% 0	 4682, 4693, 4696, 5328, 5331, 5339, 5354, 5357, 5367, 6207, 6208, 6212, 6291, 6293, 6296, 6301, 6303, 6314, 6382, 6388, 6398, 6426, 6430, 6447, 6550, 6562, 6566, 6656, 6660, 6664, 6775, 6792, 6795, 6884, 6890, 6893, 6927, 6937, 6945, 7079, 7082, 7093, 7233, 7238, 7247, 7329, 7340, 7343, 7526, 7532, 7546, 7658, 7662, 7665, 7785, 7789, 7794, 8101, 8122, 8123, 
Current Input: 3 	| Predicted Input: NeoCortexApi.Classifiers.HtmClassifier`2+ClassifierResult[System.String,NeoCortexApi.Entities.ComputeCycle]
Current Input: 3 	| Predicted Input: NeoCortexApi.Classifiers.HtmClassifier`2+ClassifierResult[System.String,NeoCortexApi.Entities.ComputeCycle]
Current Input: 3 	| Predicted Input: NeoCortexApi.Classifiers.HtmClassifier`2+ClassifierResult[System.String,NeoCortexApi.Entities.ComputeCycle]
-------------- 4 ---------------

Active segments: 40, Matching segments: 40
Prev/Now/Same=60/40/40
Col  SDR: 250, 262, 277, 283, 292, 293, 301, 308, 311, 312, 313, 318, 319, 325, 326, 332, 334, 336, 340, 344, 
Cell SDR: 6267, 6272, 6558, 6567, 6930, 6948, 7084, 7092, 7306, 7319, 7335, 7339, 7545, 7548, 7703, 7720, 7775, 7778, 7816, 7820, 7828, 7835, 7957, 7959, 7975, 7981, 8128, 8138, 8156, 8169, 8310, 8322, 8358, 8363, 8410, 8423, 8500, 8508, 8603, 8607, 
Match. Actual value: 3-2-0-1-2-3-4 - Predicted value: 3-2-0-1-2-3-4
Missmatch! Actual value: 3-2-0-1-2-3-4 - Predicted value: -1.0-0-1-2-3-4-3
Item length: 40	 Items: 9
Predictive cells: 40 	 4682, 4696, 5331, 5339, 5354, 5367, 6207, 6212, 6291, 6296, 6301, 6314, 6382, 6388, 6426, 6447, 6562, 6566, 6656, 6664, 6775, 6792, 6890, 6893, 6937, 6945, 7082, 7093, 7233, 7247, 7329, 7340, 7526, 7546, 7658, 7665, 7789, 7794, 8101, 8122, 
<indx:0	inp/len: -1.0-0-1-2-3-4/20 ,Same Bits = 0	, Similarity% 0	 6270, 6563, 6949, 7091, 7315, 7328, 7534, 7713, 7799, 7811, 7845, 7960, 7991, 8148, 8157, 8308, 8365, 8400, 8502, 8623, 
<indx:1	inp/len: -1.0-0-1-2-3-4-3/20 ,Same Bits = 0	, Similarity% 0	 4683, 5344, 5351, 6209, 6286, 6311, 6392, 6443, 6567, 6655, 6783, 6883, 6942, 7079, 7232, 7333, 7541, 7660, 7778, 8107, 
<indx:2	inp/len: 0-1-2-3-4-3-2/40 ,Same Bits = 0	, Similarity% 0	 3456, 3470, 3701, 3710, 3978, 3985, 4209, 4221, 4320, 4322, 4327, 4349, 4386, 4399, 4438, 4447, 4600, 4610, 5490, 5499, 5551, 5567, 5579, 5584, 5652, 5668, 5784, 5796, 5825, 5829, 6051, 6057, 6107, 6119, 6142, 6149, 6353, 6357, 6492, 6499, 
<indx:3	inp/len: 1-2-3-4-3-2-0/40 ,Same Bits = 0	, Similarity% 0	 1800, 1801, 1951, 1956, 2039, 2040, 2106, 2119, 2225, 2230, 2489, 2498, 2525, 2531, 2712, 2719, 2788, 2794, 2934, 2944, 3006, 3008, 3065, 3069, 3127, 3147, 3311, 3313, 3834, 3844, 3908, 3917, 3977, 3992, 4027, 4041, 4144, 4146, 4325, 4332, 
<indx:4	inp/len: 2-3-4-3-2-0-1/40 ,Same Bits = 0	, Similarity% 0	 2939, 2940, 2958, 2967, 3005, 3007, 3056, 3073, 3130, 3145, 3156, 3161, 3252, 3262, 3481, 3499, 3761, 3771, 3906, 3920, 3975, 3993, 4045, 4046, 4108, 4124, 4307, 4314, 4331, 4347, 4392, 4395, 4753, 4762, 4814, 4821, 4858, 4864, 5006, 5016, 
<indx:5	inp/len: 3-4-3-2-0-1-2/40 ,Same Bits = 0	, Similarity% 0	 3468, 3472, 3708, 3709, 3979, 3981, 4208, 4216, 4312, 4318, 4328, 4348, 4379, 4396, 4435, 4448, 4612, 4623, 5489, 5495, 5550, 5557, 5587, 5593, 5653, 5665, 5791, 5792, 5834, 5842, 6066, 6070, 6114, 6118, 6132, 6138, 6350, 6351, 6482, 6494, 
>indx:6	inp/len: 4-3-2-0-1-2-3/40 ,Same Bits = 1	, Similarity% 2,5 	 4684, 4696, 5329, 5336, 5360, 5374, 6201, 6211, 6279, 6285, 6313, 6318, 6381, 6389, 6428, 6435, 6559, 6572, 6652, 6659, 6778, 6784, 6875, 6896, 6942, 6943, 7085, 7088, 7245, 7246, 7344, 7346, 7529, 7541, 7656, 7663, 7793, 7799, 8102, 8109, 
<indx:7	inp/len: 3-2-0-1-2-3-4/40 ,Same Bits = 0	, Similarity% 0	 6267, 6272, 6558, 6567, 6930, 6948, 7084, 7092, 7306, 7319, 7335, 7339, 7545, 7548, 7703, 7720, 7775, 7778, 7816, 7820, 7828, 7835, 7957, 7959, 7975, 7981, 8128, 8138, 8156, 8169, 8310, 8322, 8358, 8363, 8410, 8423, 8500, 8508, 8603, 8607, 
>indx:8	inp/len: 2-0-1-2-3-4-3/60 ,Same Bits = 40	, Similarity% 66,67 	 4682, 4693, 4696, 5328, 5331, 5339, 5354, 5357, 5367, 6207, 6208, 6212, 6291, 6293, 6296, 6301, 6303, 6314, 6382, 6388, 6398, 6426, 6430, 6447, 6550, 6562, 6566, 6656, 6660, 6664, 6775, 6792, 6795, 6884, 6890, 6893, 6927, 6937, 6945, 7079, 7082, 7093, 7233, 7238, 7247, 7329, 7340, 7343, 7526, 7532, 7546, 7658, 7662, 7665, 7785, 7789, 7794, 8101, 8122, 8123, 
Current Input: 4 	| Predicted Input: NeoCortexApi.Classifiers.HtmClassifier`2+ClassifierResult[System.String,NeoCortexApi.Entities.ComputeCycle]
Current Input: 4 	| Predicted Input: NeoCortexApi.Classifiers.HtmClassifier`2+ClassifierResult[System.String,NeoCortexApi.Entities.ComputeCycle]
Current Input: 4 	| Predicted Input: NeoCortexApi.Classifiers.HtmClassifier`2+ClassifierResult[System.String,NeoCortexApi.Entities.ComputeCycle]
-------------- 3 ---------------

Active segments: 20, Matching segments: 40
Prev/Now/Same=60/40/40
Col  SDR: 187, 213, 214, 248, 251, 252, 255, 257, 262, 266, 271, 275, 277, 283, 289, 293, 301, 306, 311, 324, 
Cell SDR: 4682, 4696, 5331, 5339, 5354, 5367, 6207, 6212, 6291, 6296, 6301, 6314, 6382, 6388, 6426, 6447, 6562, 6566, 6656, 6664, 6775, 6792, 6890, 6893, 6937, 6945, 7082, 7093, 7233, 7247, 7329, 7340, 7526, 7546, 7658, 7665, 7789, 7794, 8101, 8122, 
Match. Actual value: 2-0-1-2-3-4-3 - Predicted value: 2-0-1-2-3-4-3
Missmatch! Actual value: 2-0-1-2-3-4-3 - Predicted value: 4-3-2-0-1-2-3
Item length: 20	 Items: 9
Predictive cells: 20 	 3456, 3701, 3978, 4221, 4322, 4327, 4399, 4438, 4600, 5490, 5567, 5579, 5652, 5784, 5829, 6051, 6107, 6149, 6357, 6492, 
<indx:0	inp/len: -1.0-0-1-2-3-4/20 ,Same Bits = 0	, Similarity% 0	 6270, 6563, 6949, 7091, 7315, 7328, 7534, 7713, 7799, 7811, 7845, 7960, 7991, 8148, 8157, 8308, 8365, 8400, 8502, 8623, 
<indx:1	inp/len: -1.0-0-1-2-3-4-3/20 ,Same Bits = 0	, Similarity% 0	 4683, 5344, 5351, 6209, 6286, 6311, 6392, 6443, 6567, 6655, 6783, 6883, 6942, 7079, 7232, 7333, 7541, 7660, 7778, 8107, 
>indx:2	inp/len: 0-1-2-3-4-3-2/40 ,Same Bits = 20	, Similarity% 50 	 3456, 3470, 3701, 3710, 3978, 3985, 4209, 4221, 4320, 4322, 4327, 4349, 4386, 4399, 4438, 4447, 4600, 4610, 5490, 5499, 5551, 5567, 5579, 5584, 5652, 5668, 5784, 5796, 5825, 5829, 6051, 6057, 6107, 6119, 6142, 6149, 6353, 6357, 6492, 6499, 
<indx:3	inp/len: 1-2-3-4-3-2-0/40 ,Same Bits = 0	, Similarity% 0	 1800, 1801, 1951, 1956, 2039, 2040, 2106, 2119, 2225, 2230, 2489, 2498, 2525, 2531, 2712, 2719, 2788, 2794, 2934, 2944, 3006, 3008, 3065, 3069, 3127, 3147, 3311, 3313, 3834, 3844, 3908, 3917, 3977, 3992, 4027, 4041, 4144, 4146, 4325, 4332, 
<indx:4	inp/len: 2-3-4-3-2-0-1/40 ,Same Bits = 0	, Similarity% 0	 2939, 2940, 2958, 2967, 3005, 3007, 3056, 3073, 3130, 3145, 3156, 3161, 3252, 3262, 3481, 3499, 3761, 3771, 3906, 3920, 3975, 3993, 4045, 4046, 4108, 4124, 4307, 4314, 4331, 4347, 4392, 4395, 4753, 4762, 4814, 4821, 4858, 4864, 5006, 5016, 
<indx:5	inp/len: 3-4-3-2-0-1-2/40 ,Same Bits = 0	, Similarity% 0	 3468, 3472, 3708, 3709, 3979, 3981, 4208, 4216, 4312, 4318, 4328, 4348, 4379, 4396, 4435, 4448, 4612, 4623, 5489, 5495, 5550, 5557, 5587, 5593, 5653, 5665, 5791, 5792, 5834, 5842, 6066, 6070, 6114, 6118, 6132, 6138, 6350, 6351, 6482, 6494, 
<indx:6	inp/len: 4-3-2-0-1-2-3/40 ,Same Bits = 0	, Similarity% 0	 4684, 4696, 5329, 5336, 5360, 5374, 6201, 6211, 6279, 6285, 6313, 6318, 6381, 6389, 6428, 6435, 6559, 6572, 6652, 6659, 6778, 6784, 6875, 6896, 6942, 6943, 7085, 7088, 7245, 7246, 7344, 7346, 7529, 7541, 7656, 7663, 7793, 7799, 8102, 8109, 
<indx:7	inp/len: 3-2-0-1-2-3-4/40 ,Same Bits = 0	, Similarity% 0	 6267, 6272, 6558, 6567, 6930, 6948, 7084, 7092, 7306, 7319, 7335, 7339, 7545, 7548, 7703, 7720, 7775, 7778, 7816, 7820, 7828, 7835, 7957, 7959, 7975, 7981, 8128, 8138, 8156, 8169, 8310, 8322, 8358, 8363, 8410, 8423, 8500, 8508, 8603, 8607, 
<indx:8	inp/len: 2-0-1-2-3-4-3/40 ,Same Bits = 0	, Similarity% 0	 4682, 4696, 5331, 5339, 5354, 5367, 6207, 6212, 6291, 6296, 6301, 6314, 6382, 6388, 6426, 6447, 6562, 6566, 6656, 6664, 6775, 6792, 6890, 6893, 6937, 6945, 7082, 7093, 7233, 7247, 7329, 7340, 7526, 7546, 7658, 7665, 7789, 7794, 8101, 8122, 
Current Input: 3 	| Predicted Input: NeoCortexApi.Classifiers.HtmClassifier`2+ClassifierResult[System.String,NeoCortexApi.Entities.ComputeCycle]
Current Input: 3 	| Predicted Input: NeoCortexApi.Classifiers.HtmClassifier`2+ClassifierResult[System.String,NeoCortexApi.Entities.ComputeCycle]
Current Input: 3 	| Predicted Input: NeoCortexApi.Classifiers.HtmClassifier`2+ClassifierResult[System.String,NeoCortexApi.Entities.ComputeCycle]
-------------- 2 ---------------

Active segments: 20, Matching segments: 20
Prev/Now/Same=40/20/20
Col  SDR: 138, 148, 159, 168, 172, 173, 175, 177, 184, 219, 222, 223, 226, 231, 233, 242, 244, 245, 254, 259, 
Cell SDR: 3456, 3701, 3978, 4221, 4322, 4327, 4399, 4438, 4600, 5490, 5567, 5579, 5652, 5784, 5829, 6051, 6107, 6149, 6357, 6492, 
Match. Actual value: 0-1-2-3-4-3-2 - Predicted value: 0-1-2-3-4-3-2
Item length: 20	 Items: 9
Predictive cells: 20 	 1801, 1951, 2040, 2119, 2230, 2489, 2525, 2712, 2794, 2934, 3006, 3069, 3147, 3311, 3844, 3908, 3992, 4041, 4144, 4325, 
<indx:0	inp/len: -1.0-0-1-2-3-4/20 ,Same Bits = 0	, Similarity% 0	 6270, 6563, 6949, 7091, 7315, 7328, 7534, 7713, 7799, 7811, 7845, 7960, 7991, 8148, 8157, 8308, 8365, 8400, 8502, 8623, 
<indx:1	inp/len: -1.0-0-1-2-3-4-3/20 ,Same Bits = 0	, Similarity% 0	 4683, 5344, 5351, 6209, 6286, 6311, 6392, 6443, 6567, 6655, 6783, 6883, 6942, 7079, 7232, 7333, 7541, 7660, 7778, 8107, 
<indx:2	inp/len: 0-1-2-3-4-3-2/20 ,Same Bits = 0	, Similarity% 0	 3456, 3701, 3978, 4221, 4322, 4327, 4399, 4438, 4600, 5490, 5567, 5579, 5652, 5784, 5829, 6051, 6107, 6149, 6357, 6492, 
>indx:3	inp/len: 1-2-3-4-3-2-0/40 ,Same Bits = 20	, Similarity% 50 	 1800, 1801, 1951, 1956, 2039, 2040, 2106, 2119, 2225, 2230, 2489, 2498, 2525, 2531, 2712, 2719, 2788, 2794, 2934, 2944, 3006, 3008, 3065, 3069, 3127, 3147, 3311, 3313, 3834, 3844, 3908, 3917, 3977, 3992, 4027, 4041, 4144, 4146, 4325, 4332, 
<indx:4	inp/len: 2-3-4-3-2-0-1/40 ,Same Bits = 0	, Similarity% 0	 2939, 2940, 2958, 2967, 3005, 3007, 3056, 3073, 3130, 3145, 3156, 3161, 3252, 3262, 3481, 3499, 3761, 3771, 3906, 3920, 3975, 3993, 4045, 4046, 4108, 4124, 4307, 4314, 4331, 4347, 4392, 4395, 4753, 4762, 4814, 4821, 4858, 4864, 5006, 5016, 
<indx:5	inp/len: 3-4-3-2-0-1-2/40 ,Same Bits = 0	, Similarity% 0	 3468, 3472, 3708, 3709, 3979, 3981, 4208, 4216, 4312, 4318, 4328, 4348, 4379, 4396, 4435, 4448, 4612, 4623, 5489, 5495, 5550, 5557, 5587, 5593, 5653, 5665, 5791, 5792, 5834, 5842, 6066, 6070, 6114, 6118, 6132, 6138, 6350, 6351, 6482, 6494, 
<indx:6	inp/len: 4-3-2-0-1-2-3/40 ,Same Bits = 0	, Similarity% 0	 4684, 4696, 5329, 5336, 5360, 5374, 6201, 6211, 6279, 6285, 6313, 6318, 6381, 6389, 6428, 6435, 6559, 6572, 6652, 6659, 6778, 6784, 6875, 6896, 6942, 6943, 7085, 7088, 7245, 7246, 7344, 7346, 7529, 7541, 7656, 7663, 7793, 7799, 8102, 8109, 
<indx:7	inp/len: 3-2-0-1-2-3-4/40 ,Same Bits = 0	, Similarity% 0	 6267, 6272, 6558, 6567, 6930, 6948, 7084, 7092, 7306, 7319, 7335, 7339, 7545, 7548, 7703, 7720, 7775, 7778, 7816, 7820, 7828, 7835, 7957, 7959, 7975, 7981, 8128, 8138, 8156, 8169, 8310, 8322, 8358, 8363, 8410, 8423, 8500, 8508, 8603, 8607, 
<indx:8	inp/len: 2-0-1-2-3-4-3/40 ,Same Bits = 0	, Similarity% 0	 4682, 4696, 5331, 5339, 5354, 5367, 6207, 6212, 6291, 6296, 6301, 6314, 6382, 6388, 6426, 6447, 6562, 6566, 6656, 6664, 6775, 6792, 6890, 6893, 6937, 6945, 7082, 7093, 7233, 7247, 7329, 7340, 7526, 7546, 7658, 7665, 7789, 7794, 8101, 8122, 
Current Input: 2 	| Predicted Input: NeoCortexApi.Classifiers.HtmClassifier`2+ClassifierResult[System.String,NeoCortexApi.Entities.ComputeCycle]
Current Input: 2 	| Predicted Input: NeoCortexApi.Classifiers.HtmClassifier`2+ClassifierResult[System.String,NeoCortexApi.Entities.ComputeCycle]
Current Input: 2 	| Predicted Input: NeoCortexApi.Classifiers.HtmClassifier`2+ClassifierResult[System.String,NeoCortexApi.Entities.ComputeCycle]
Cycle: 3682	Matches=7 of 7	 100%
100% accuracy reched 10 times.
------------ END ------------